 MAPS Wave 1 2020 Demographics

                                                                  Total Pop             Metro    Urban     Rural   E Cape   Free State   Gauteng    KZN    Limpopo   Mpum    N Cape   North West         W Cape
                                             Audience(000)         42 573               19 173   12 678   10 722    4 495     2 066       11 850   7 815     4 025   3 269     911      2 888             5 255
 Totals
                                             %Col                   100,0               100,0    100,0    100,0     100,0     100,0       100,0    100,0     100,0   100,0    100,0     100,0             100,0
 AGE GROUPS
                                             Audience(000)          9 599                4 228   2 928    2 443     901       321         2 371    1 603    1 053     630     **97       380              2 244
 15-24
                                             %Col                    22,5                22,1    23,1     22,8     20,0       15,5        20,0     20,5      26,2    19,3     10,6      13,2              42,7
                                             Audience(000)          11 130               4 792   3 427    2 912    1 083      468         3 050    2 084    1 064    1 124    *294       782              1 181
 25-34
                                             %Col                    26,1                25,0    27,0     27,2     24,1       22,7        25,7     26,7      26,4    34,4     32,2      27,1              22,5
                                             Audience(000)          11 582               5 731   3 562    2 289    1 105      671         3 793    1 969     893      946     *368       655              1 181
 35-49
                                             %Col                    27,2                29,9    28,1     21,3     24,6       32,5        32,0     25,2      22,2    28,9     40,4      22,7              22,5
                                             Audience(000)          10 262               4 422   2 761    3 079    1 405      605         2 637    2 158    *1014     570    **153      1 071              650
 50+
                                             %Col                    24,1                23,1    21,8     28,7     31,3       29,3        22,3     27,6      25,2    17,4     16,8      37,1              12,4
 GENDER
                                             Audience(000)          22 098               9 391   7 004    5 703    2 367      1 108       5 406    3 952    2 305    2 005   397        1 713             2 844
 Female
                                             %Col                    51,9                49,0    55,2     53,2     52,7       53,7        45,6     50,6     57,3     61,3    43,6       59,3              54,1
                                             Audience(000)          20 475               9 782   5 673    5 020    2 127       957        6 444    3 863    1 720    1 264   *514       1 175             2 412
 Male
                                             %Col                    48,1                51,0    44,8     46,8     47,3       46,3        54,4     49,4     42,7     38,7    56,4       40,7              45,9
 MARITAL STATUS
                                             Audience(000)          27 805              11 894   8 317    7 594    2 985      1 108       7 256    5 322    2 749    2 011    724       2 121             3 530
 Single
                                             %Col                    65,3                62,0     65,6    70,8      66,4       53,6        61,2     68,1     68,3     61,5    79,5      73,4              67,2
                                             Audience(000)          11 902              5 940    3 639    2 323    1 236       743        3 746    1 883     908      953    **150       657              1 626
 Married or living together
                                             %Col                    28,0                31,0     28,7    21,7      27,5       35,9        31,6     24,1     22,6     29,1    16,5      22,8              30,9
                                             Audience(000)          1 818                 790    *402     *626     **218      **111        *380     *426    **317    **178    **34      **72              **84
 Widowed
                                             %Col                     4,3                 4,1      3,2     5,8       4,8        5,4         3,2      5,4      7,9     5,4      3,7       2,5               1,6
                                             Audience(000)            652                *463    **104    **84      **34       **51        *361    **117     **33     **8     **2       **32              **14
 Divorced
                                             %Col                     1,5                 2,4      0,8     0,8       0,8        2,5         3,0      1,5      0,8     0,3      0,3       1,1               0,3
                                             Audience(000)           *396                **85    **215    **95      **22       **53       **107     **67     **18    **119    **1        **6               **2
 Separated
                                             %Col                     0,9                 0,4      1,7     0,9       0,5        2,6         0,9      0,9      0,4     3,6      0,1       0,2               0,0
 ETHNIC GROUP
                                             Audience(000)          33 618              12 668   10 604   10 346   3 986      1 799       9 099    6 315    3 939    3 138   635        2 852             1 855
 Black
                                             %Col                    79,0                66,1     83,6     96,5    88,7       87,1         76,8    80,8     97,9     96,0    69,7       98,8              35,3
                                             Audience(000)          3 893               2 930     897      **66    *199        239        2 065    *294     **56     *131    **9        **29               870
 White
                                             %Col                     9,1                15,3      7,1      0,6     4,4       11,5         17,4     3,8      1,4      4,0     1,0        1,0              16,6
                                             Audience(000)          1 234               1 091    **142      **2     **4       **22        **110    1 067     **0      **0    **0         **2              **29
 Indian or Asian
                                             %Col                     2,9                 5,7      1,1      0,0     0,1        1,1         0,9     13,7      0,0      0,0     0,0        0,1               0,5
                                             Audience(000)          3 827               2 484    1 035     *308    *305        **6         576     *138     **30      **0    *267        **4              2 501
 Coloured
                                             %Col                     9,0                13,0      8,2      2,9     6,8        0,3         4,9      1,8      0,7      0,0    29,3        0,2              47,6
 LANGUAGE MOST OFTEN SPOKEN
                                             Audience(000)           3 830               2 218   1 324    *288     *243       *175        1 463    **33     **68     **55    483        **10              1 299
 Afrikaans
                                             %Col                     9,0                11,6    10,4      2,7      5,4        8,5        12,3      0,4      1,7      1,7    53,1        0,3              24,7
                                             Audience(000)            **0                 **0     **0      **0     **0        **0          **0      **0     **0      **0     **0        **0                **0
 Chinese
                                             %Col                     0,0                 0,0     0,0      0,0      0,0        0,0         0,0      0,0      0,0      0,0     0,0        0,0               0,0
                                             Audience(000)            **0                 **0     **0      **0     **0        **0          **0      **0     **0      **0     **0        **0                **0
 Dutch
                                             %Col                     0,0                 0,0     0,0      0,0      0,0        0,0         0,0      0,0      0,0      0,0     0,0        0,0               0,0
                                             Audience(000)           7 170               5 256   1 417     497     *280       *123        1 690    1 522    *191     *273    **27       **52              3 013
 English
                                             %Col                    16,8                27,4    11,2      4,6      6,2        6,0        14,3     19,5      4,7      8,3     3,0        1,8              57,3
                                             Audience(000)           **35                **16    **19      **0     **0        **0         **12      **0     **0      **19    **0        **0                **5
 French
                                             %Col                     0,1                 0,1     0,1      0,0      0,0        0,0         0,1      0,0      0,0      0,6     0,0        0,0               0,1
                                             Audience(000)            **9                 **9     **0      **0     **0        **0          **9      **0     **0      **0     **0        **0                **0
 German
                                             %Col                     0,0                 0,0     0,0      0,0      0,0        0,0         0,1      0,0      0,0      0,0     0,0        0,0               0,0
                                             Audience(000)            **0                 **0     **0      **0     **0        **0          **0      **0     **0      **0     **0        **0                **0
 Greek
                                             %Col                     0,0                 0,0     0,0      0,0      0,0        0,0         0,0      0,0      0,0      0,0     0,0        0,0               0,0
